1
0 0.764325 0.21 0.91 0.09 0 0 0 0 0 0 0 0 0 
10 0.906601 2.285 0.05 0.95 0 0 0 0 0 0 0 0 0 
20 0.896272 4.21 0.06 0.94 0 0 0 0 0 0 0 0 0 
30 0.868402 4.715 0.05 0.95 0 0 0 0 0 0 0 0 0 
40 0.814422 5.16 0.06 0.94 0 0 0 0 0 0 0 0 0 
50 0.873203 4.565 0.1 0.9 0 0 0 0 0 0 0 0 0 
60 0.871772 4.4 0.17 0.83 0 0 0 0 0 0 0 0 0 
70 0.850128 4.57 0.23 0.77 0 0 0 0 0 0 0 0 0 
80 0.84445 4.735 0.16 0.84 0 0 0 0 0 0 0 0 0 
90 0.852503 4.655 0.15 0.85 0 0 0 0 0 0 0 0 0 
100 0.869835 4.63 0.49 0.51 0 0 0 0 0 0 0 0 0 
110 0.847691 4.845 0.73 0.27 0 0 0 0 0 0 0 0 0 
120 0.866011 4.465 0.62 0.38 0 0 0 0 0 0 0 0 0 
130 0.871048 4.605 0.84 0.16 0 0 0 0 0 0 0 0 0 
140 0.78365 5.38 0.92 0.08 0 0 0 0 0 0 0 0 0 
150 0.807133 5.305 0.84 0.16 0 0 0 0 0 0 0 0 0 
160 0.871836 4.465 0.94 0.06 0 0 0 0 0 0 0 0 0 
170 0.863344 4.62 1 0 0 0 0 0 0 0 0 0 0 
180 0.851116 4.815 1 0 0 0 0 0 0 0 0 0 0 
190 0.812316 5.15 1 0 0 0 0 0 0 0 0 0 0 
200 0.835685 4.78 1 0 0 0 0 0 0 0 0 0 0 
210 0.860191 4.785 1 0 0 0 0 0 0 0 0 0 0 
220 0.867405 4.49 1 0 0 0 0 0 0 0 0 0 0 
230 0.862957 4.695 1 0 0 0 0 0 0 0 0 0 0 
240 0.83949 4.785 1 0 0 0 0 0 0 0 0 0 0 
250 0.870153 4.645 1 0 0 0 0 0 0 0 0 0 0 
260 0.800241 5.22 1 0 0 0 0 0 0 0 0 0 0 
270 0.811462 5.295 1 0 0 0 0 0 0 0 0 0 0 
280 0.845056 4.815 1 0 0 0 0 0 0 0 0 0 0 
290 0.852891 4.725 1 0 0 0 0 0 0 0 0 0 0 
300 0.857062 4.78 1 0 0 0 0 0 0 0 0 0 0 
310 0.892183 4.43 1 0 0 0 0 0 0 0 0 0 0 
320 0.81295 4.995 1 0 0 0 0 0 0 0 0 0 0 
330 0.798819 5.065 1 0 0 0 0 0 0 0 0 0 0 
340 0.809033 5.155 1 0 0 0 0 0 0 0 0 0 0 
350 0.842251 4.66 1 0 0 0 0 0 0 0 0 0 0 
360 0.864965 4.495 1 0 0 0 0 0 0 0 0 0 0 
370 0.834772 4.98 1 0 0 0 0 0 0 0 0 0 0 
380 0.887665 4.425 1 0 0 0 0 0 0 0 0 0 0 
390 0.904498 4.275 1 0 0 0 0 0 0 0 0 0 0 
400 0.836117 4.875 1 0 0 0 0 0 0 0 0 0 0 
410 0.791641 5.29 1 0 0 0 0 0 0 0 0 0 0 
420 0.861535 4.735 1 0 0 0 0 0 0 0 0 0 0 
430 0.813852 5.105 1 0 0 0 0 0 0 0 0 0 0 
440 0.805376 5.315 1 0 0 0 0 0 0 0 0 0 0 
450 0.812481 5.005 1 0 0 0 0 0 0 0 0 0 0 
460 0.752164 5.345 1 0 0 0 0 0 0 0 0 0 0 
470 0.800049 5.15 1 0 0 0 0 0 0 0 0 0 0 
480 0.868822 4.59 1 0 0 0 0 0 0 0 0 0 0 
490 0.80864 5.22 1 0 0 0 0 0 0 0 0 0 0 
500 0.844159 4.865 1 0 0 0 0 0 0 0 0 0 0 
510 0.855674 4.64 1 0 0 0 0 0 0 0 0 0 0 
520 0.8096 5.225 1 0 0 0 0 0 0 0 0 0 0 
530 0.8565 4.84 1 0 0 0 0 0 0 0 0 0 0 
540 0.825056 5.11 1 0 0 0 0 0 0 0 0 0 0 
550 0.800663 5.26 1 0 0 0 0 0 0 0 0 0 0 
560 0.851355 4.8 1 0 0 0 0 0 0 0 0 0 0 
570 0.821362 5.05 1 0 0 0 0 0 0 0 0 0 0 
580 0.889148 4.37 1 0 0 0 0 0 0 0 0 0 0 
590 0.821745 4.995 1 0 0 0 0 0 0 0 0 0 0 
600 0.798503 5.11 1 0 0 0 0 0 0 0 0 0 0 
610 0.81511 5.13 1 0 0 0 0 0 0 0 0 0 0 
620 0.834763 4.92 1 0 0 0 0 0 0 0 0 0 0 
630 0.771046 5.435 1 0 0 0 0 0 0 0 0 0 0 
640 0.79352 5.28 1 0 0 0 0 0 0 0 0 0 0 
650 0.875328 4.7 1 0 0 0 0 0 0 0 0 0 0 
660 0.810548 5.035 1 0 0 0 0 0 0 0 0 0 0 
670 0.852002 4.72 1 0 0 0 0 0 0 0 0 0 0 
680 0.91882 4.02 1 0 0 0 0 0 0 0 0 0 0 
690 0.843293 4.94 1 0 0 0 0 0 0 0 0 0 0 
700 0.86059 4.755 1 0 0 0 0 0 0 0 0 0 0 
710 0.892356 4.275 1 0 0 0 0 0 0 0 0 0 0 
720 0.852205 4.575 1 0 0 0 0 0 0 0 0 0 0 
730 0.850151 4.77 1 0 0 0 0 0 0 0 0 0 0 
740 0.872084 4.62 1 0 0 0 0 0 0 0 0 0 0 
750 0.786816 5.455 1 0 0 0 0 0 0 0 0 0 0 
760 0.710538 6.19 1 0 0 0 0 0 0 0 0 0 0 
770 0.876306 4.52 1 0 0 0 0 0 0 0 0 0 0 
780 0.884214 4.53 1 0 0 0 0 0 0 0 0 0 0 
790 0.813032 5.1 1 0 0 0 0 0 0 0 0 0 0 
800 0.736768 5.905 1 0 0 0 0 0 0 0 0 0 0 
810 0.807061 5.285 1 0 0 0 0 0 0 0 0 0 0 
820 0.861358 4.745 1 0 0 0 0 0 0 0 0 0 0 
830 0.811956 5.105 1 0 0 0 0 0 0 0 0 0 0 
840 0.798515 5.285 1 0 0 0 0 0 0 0 0 0 0 
850 0.807143 5.21 1 0 0 0 0 0 0 0 0 0 0 
860 0.84411 4.905 1 0 0 0 0 0 0 0 0 0 0 
870 0.849526 4.88 1 0 0 0 0 0 0 0 0 0 0 
880 0.799652 5.33 1 0 0 0 0 0 0 0 0 0 0 
890 0.845394 4.86 1 0 0 0 0 0 0 0 0 0 0 
900 0.838889 4.825 1 0 0 0 0 0 0 0 0 0 0 
910 0.854525 4.745 1 0 0 0 0 0 0 0 0 0 0 
920 0.868212 4.615 1 0 0 0 0 0 0 0 0 0 0 
930 0.81305 5.18 1 0 0 0 0 0 0 0 0 0 0 
940 0.841562 4.875 1 0 0 0 0 0 0 0 0 0 0 
950 0.832188 5.005 1 0 0 0 0 0 0 0 0 0 0 
960 0.789864 5.26 1 0 0 0 0 0 0 0 0 0 0 
970 0.849623 4.74 1 0 0 0 0 0 0 0 0 0 0 
980 0.838346 4.845 1 0 0 0 0 0 0 0 0 0 0 
990 0.83127 4.965 1 0 0 0 0 0 0 0 0 0 0 
1000 0.807816 5.125 1 0 0 0 0 0 0 0 0 0 0 
